0
17.389000
1
50.000000
2
23.690001
3
10.764000
4
10.812000
5
12.721000
6
11.206000
7
15.800000
8
15.760000
9
13.730000
10
50.002998
11
13.327000
12
10.860000
13
11.469000
14
18.084999
15
11.303000
16
17.080999
17
12.019000
18
10.996000
19
10.901000
20
11.680000
21
11.264000
22
10.827000
23
12.869000
24
17.267000
25
10.928000
26
17.797001
27
11.236000
28
11.603000
29
11.367000
30
12.649000
31
10.649000
32
11.505000
33
12.760000
34
20.497000
35
12.529000
36
12.959000
37
11.430000
38
18.113001
39
11.126000
40
11.430000
41
11.252000
42
13.236000
43
25.587999
44
11.799000
45
11.719000
46
10.755000
47
11.737000
48
11.000000
49
11.372000
50
13.765000
51
13.044000
52
19.103001
53
19.118000
54
13.421000
55
11.685000
56
12.823000
57
11.022000
58
11.381000
59
16.965000
60
10.725000
61
12.469000
62
11.432000
63
11.145000
64
13.961000
65
12.863000
66
13.264000
67
11.605000
68
11.573000
69
12.201000
70
21.528000
71
11.110000
72
14.096000
73
11.692000
74
19.193001
75
14.979000
76
11.579000
77
11.816000
78
17.518999
79
18.521999
80
12.306000
81
50.000000
82
12.396000
83
12.204000
84
23.924999
85
20.277000
86
11.998000
87
22.187000
88
15.259000
89
25.054001
90
11.554000
91
15.962000
92
50.000000
93
12.903000
94
19.218000
95
12.780000
96
50.000000
97
23.496000
98
11.365000
99
11.830000
100
50.000000
101
17.573000
102
13.678000
103
11.109000
104
26.031000
105
11.065000
106
15.032000
107
12.904000
108
12.073000
109
36.013000
110
21.424000
111
13.927000
112
14.502000
113
12.691000
114
11.191000
115
20.372000
116
13.328000
117
26.745001
118
19.306999
119
11.368000
120
14.803000
121
11.945000
122
17.370001
123
14.138000
124
10.829000
125
10.956000
126
21.065001
127
13.529000
128
16.627001
129
14.110000
130
20.919001
131
19.368000
132
50.000000
133
12.183000
134
12.816000
135
50.000000
136
19.608000
137
20.062000
138
11.478000
139
12.961000
140
18.533001
141
16.721001
142
16.014000
143
20.093000
144
50.000000
145
11.629000
146
14.456000
147
11.435000
148
16.004999
149
11.822000
150
17.528999
151
12.336000
152
21.065001
153
23.003000
154
21.035000
155
12.963000
156
20.827999
157
33.637001
158
29.193001
159
15.081000
160
14.135000
161
11.396000
162
15.391000
163
40.754002
164
13.002000
165
27.379999
166
43.243000
167
10.844000
168
15.625000
169
12.601000
170
19.107000
171
23.952999
172
20.462999
173
19.905001
174
14.598000
175
16.481001
176
20.979000
177
12.170000
178
12.399000
179
12.628000
180
28.629999
181
22.945000
182
25.834000
183
50.000000
184
17.205999
185
14.136000
186
16.774000
187
16.799000
188
12.532000
189
13.272000
190
19.299999
191
25.881001
192
13.856000
193
16.490999
194
23.708000
195
11.417000
196
15.796000
197
11.851000
198
20.931000
199
15.636000
200
18.259001
201
11.254000
202
18.662001
203
50.000000
204
15.104000
205
19.990000
206
21.952999
207
30.273001
208
14.798000
209
24.987000
210
15.337000
211
19.466000
212
39.66100
213
12.484000
214
12.100000
215
22.802999
216
50.000000
217
14.609000
218
16.434999
219
20.253000
220
19.757000
221
12.601000
222
25.757999
223
42.206001
224
11.723000
225
16.003000
226
16.399000
227
50.000000
228
19.778999
229
11.116000
230
20.629999
231
18.341999
232
12.363000
233
16.804001
234
16.163000
235
16.683001
236
20.239000
237
23.191999
238
18.209000
239
16.032000
240
16.195999
241
11.913000
242
15.410000
243
27.143000
244
14.327000
245
19.943001
246
18.822001
247
16.482000
248
22.847000
249
14.898000
250
17.396999
251
24.500000
252
11.788000
253
13.373000
254
17.725000
255
19.671000
256
14.803000
257
14.003000
258
23.927999
259
12.831000
260
14.324000
261
22.730000
262
18.132000
263
12.603000
264
17.461000
265
19.639999
266
12.294000
267
15.033000
268
16.052000
269
15.086000
270
16.913000
271
16.951000
272
17.613001
273
14.670000
274
11.999000
275
22.628000
276
13.204000
277
11.852000
278
16.150999
279
12.880000
280
23.009001
281
19.340000
282
15.636000
283
30.201000
284
10.954000
285
33.867001
286
13.908000
287
16.170000
288
50.000000
289
30.113001
290
19.305000
291
29.552000
292
15.949000
293
17.448999
294
14.873000
295
19.318001
296
16.250000
297
18.662001
298
22.600000
299
12.921000
