0
17.849001
1
18.378000
2
32.723999
3
10.966000
4
10.864000
5
12.893000
6
11.544000
7
23.305000
8
19.830000
9
13.687000
10
46.153000
11
13.350000
12
10.446000
13
11.440000
14
23.878000
15
11.372000
16
16.318001
17
12.072000
18
11.177000
19
10.466000
20
11.279000
21
11.323000
22
10.827000
23
11.963000
24
15.635000
25
11.043000
26
18.011000
27
11.216000
28
11.758000
29
11.424000
30
12.779000
31
10.989000
32
11.604000
33
13.211000
34
13.894000
35
12.795000
36
11.880000
37
11.425000
38
18.702999
39
11.201000
40
11.978000
41
11.242000
42
12.224000
43
15.294000
44
12.002000
45
11.472000
46
10.905000
47
11.923000
48
11.445000
49
11.498000
50
12.996000
51
13.612000
52
17.972000
53
12.752000
54
50.000000
55
11.363000
56
13.619000
57
11.075000
58
11.405000
59
17.142000
60
11.090000
61
11.640000
62
11.353000
63
11.748000
64
12.393000
65
13.073000
66
13.461000
67
11.404000
68
11.151000
69
12.225000
70
50.000000
71
10.594000
72
13.841000
73
11.822000
74
21.514000
75
17.378000
76
11.147000
77
12.128000
78
18.785999
79
50.000000
80
11.856000
81
18.167999
82
12.100000
83
12.185000
84
50.000000
85
42.657001
86
11.909000
87
50.000000
88
15.341000
89
17.808001
90
12.354000
91
15.130000
92
50.000000
93
13.720000
94
50.001999
95
11.967000
96
50.000000
97
22.004999
98
11.386000
99
11.645000
100
25.284000
101
22.577000
102
50.000000
103
10.474000
104
17.468000
105
11.153000
106
26.865999
107
12.247000
108
12.084000
109
16.796000
110
20.729000
111
14.395000
112
14.933000
113
12.051000
114
11.842000
115
22.487000
116
11.471000
117
22.538000
118
15.132000
119
11.448000
120
15.386000
121
11.798000
122
19.243999
123
14.007000
124
10.869000
125
10.867000
126
22.745001
127
14.366000
128
19.400999
129
14.261000
130
50.000000
131
20.455999
132
50.000000
133
11.870000
134
13.956000
135
20.482000
136
13.776000
137
13.883000
138
11.471000
139
12.512000
140
15.318000
141
15.458000
142
16.455000
143
20.313000
144
37.187000
145
11.670000
146
21.302000
147
10.962000
148
16.462999
149
11.980000
150
18.561001
151
12.203000
152
19.070999
153
15.486000
154
16.931000
155
14.056000
156
20.382000
157
31.357000
158
25.907000
159
16.195999
160
12.928000
161
11.626000
162
29.285999
163
50.000000
164
12.726000
165
50.000000
166
31.263000
167
10.668000
168
14.637000
169
12.807000
170
50.000000
171
50.000000
172
22.096001
173
25.250999
174
25.691999
175
16.287001
176
24.101000
177
13.001000
178
12.881000
179
12.150000
180
50.000000
181
22.233000
182
28.944000
183
50.000000
184
16.912001
185
12.615000
186
15.726000
187
39.817001
188
12.268000
189
13.945000
190
19.028999
191
28.094000
192
13.986000
193
50.000000
194
18.436001
195
11.034000
196
15.835000
197
12.327000
198
19.177999
199
15.985000
200
50.000000
201
11.873000
202
20.891001
203
22.511999
204
14.966000
205
18.665001
206
20.642000
207
50.000000
208
15.264000
209
19.673000
210
13.743000
211
50.000000
212
50.000000
213
12.013000
214
12.654000
215
22.115999
216
35.005001
217
16.105000
218
17.756001
219
20.841000
220
33.422001
221
14.067000
222
20.622000
223
24.846001
224
11.646000
225
15.424000
226
16.294001
227
12.281000
228
16.315001
229
11.011000
230
19.466999
231
18.139000
232
13.206000
233
16.202000
234
13.567000
235
21.893000
236
22.620001
237
30.809000
238
50.000000
239
15.869000
240
50.000000
241
12.506000
242
16.681999
243
21.284000
244
14.090000
245
18.011999
246
17.587999
247
15.644000
248
17.559999
249
14.946000
250
18.533001
251
20.268999
252
12.201000
253
13.671000
254
17.507000
255
13.740000
256
13.833000
257
13.720000
258
21.103001
259
12.453000
260
14.636000
261
21.000000
262
17.094000
263
12.174000
264
50.000000
265
28.468000
266
12.074000
267
16.396999
268
15.000000
269
15.266000
270
15.483000
271
17.735001
272
17.242001
273
15.212000
274
12.440000
275
14.889000
276
13.786000
277
12.303000
278
16.627001
279
12.501000
280
18.476999
281
19.243999
282
15.059000
283
18.304001
284
11.079000
285
32.020000
286
14.788000
287
27.148001
288
18.398001
289
19.848000
290
18.917999
291
16.396000
292
50.000000
293
17.128000
294
50.000000
295
18.693001
296
16.957001
297
19.422001
298
23.030001
299
16.047001
