0
16.900999
1
17.665001
2
18.660999
3
10.904000
4
10.782000
5
13.800000
6
11.562000
7
19.299999
8
18.291000
9
14.078000
10
50.000999
11
14.481000
12
10.792000
13
11.691000
14
18.558001
15
11.084000
16
15.692000
17
11.892000
18
11.237000
19
10.741000
20
11.425000
21
11.265000
22
10.580000
23
16.895000
24
16.438000
25
11.143000
26
18.441999
27
11.301000
28
11.674000
29
11.540000
30
12.527000
31
11.022000
32
11.162000
33
13.167000
34
25.653999
35
11.681000
36
12.633000
37
11.571000
38
50.000000
39
11.085000
40
11.575000
41
11.050000
42
12.668000
43
26.087000
44
11.974000
45
11.276000
46
11.000000
47
11.922000
48
12.139000
49
50.001999
50
12.831000
51
15.397000
52
36.007999
53
23.829000
54
13.889000
55
14.905000
56
13.049000
57
10.940000
58
11.217000
59
22.636000
60
10.769000
61
11.786000
62
11.481000
63
11.221000
64
13.267000
65
13.025000
66
13.623000
67
11.616000
68
11.184000
69
12.221000
70
23.579000
71
10.980000
72
13.431000
73
11.815000
74
17.430000
75
15.137000
76
11.796000
77
12.019000
78
16.979000
79
50.000000
80
11.965000
81
17.907000
82
11.750000
83
12.150000
84
27.931000
85
50.001999
86
12.097000
87
23.063999
88
14.878000
89
17.344999
90
12.914000
91
15.361000
92
43.672001
93
14.276000
94
16.634001
95
12.661000
96
50.000000
97
34.195999
98
11.297000
99
11.656000
100
50.000000
101
26.834000
102
13.241000
103
11.077000
104
17.292000
105
11.209000
106
50.000000
107
12.618000
108
12.021000
109
18.337000
110
20.622000
111
15.282000
112
50.000000
113
12.340000
114
11.654000
115
23.046000
116
13.977000
117
18.659000
118
17.266001
119
11.268000
120
15.158000
121
12.001000
122
20.198999
123
15.088000
124
10.709000
125
10.744000
126
18.700001
127
14.323000
128
19.478001
129
14.446000
130
50.000000
131
50.000000
132
50.000000
133
11.834000
134
12.796000
135
50.000000
136
17.306999
137
20.454000
138
11.471000
139
14.143000
140
15.407000
141
15.276000
142
15.627000
143
40.339001
144
50.000000
145
11.509000
146
15.307000
147
10.782000
148
16.576000
149
12.210000
150
16.454000
151
12.137000
152
17.716000
153
14.265000
154
16.075001
155
14.283000
156
20.500999
157
26.249001
158
21.558001
159
14.613000
160
12.653000
161
11.389000
162
21.007000
163
50.000000
164
13.442000
165
50.000000
166
50.000000
167
10.769000
168
15.760000
169
13.398000
170
23.480000
171
50.007000
172
16.099001
173
19.631001
174
14.528000
175
16.170000
176
38.653000
177
12.619000
178
12.376000
179
11.989000
180
50.000000
181
20.709999
182
28.966000
183
50.008999
184
20.500000
185
13.274000
186
16.236000
187
16.281000
188
11.777000
189
13.178000
190
17.016001
191
34.382000
192
13.198000
193
16.370001
194
19.171000
195
50.000000
196
22.881001
197
13.881000
198
16.992001
199
15.297000
200
23.840000
201
11.536000
202
19.028999
203
50.000000
204
14.984000
205
25.559999
206
18.112000
207
23.968000
208
14.823000
209
14.278000
210
15.740000
211
18.025999
212
50.000000
213
14.815000
214
11.798000
215
22.948000
216
20.103001
217
15.691000
218
15.752000
219
19.528000
220
50.001999
221
13.263000
222
50.000000
223
24.014999
224
11.950000
225
16.587999
226
16.773001
227
14.895000
228
17.882999
229
11.025000
230
14.711000
231
17.986000
232
13.133000
233
18.605000
234
50.000000
235
27.136000
236
18.875999
237
44.692001
238
18.676001
239
16.150999
240
15.763000
241
12.063000
242
14.018000
243
50.000000
244
14.837000
245
17.219999
246
17.888000
247
20.587999
248
23.291000
249
15.236000
250
50.000000
251
22.809000
252
12.079000
253
13.760000
254
50.000000
255
17.084999
256
17.285000
257
14.784000
258
50.000000
259
11.696000
260
14.187000
261
26.521999
262
21.415001
263
12.412000
264
23.444000
265
50.000000
266
15.864000
267
14.766000
268
15.316000
269
15.134000
270
15.810000
271
20.083000
272
17.886000
273
24.612000
274
11.956000
275
16.020000
276
13.946000
277
11.228000
278
15.195000
279
12.976000
280
17.695999
281
18.438999
282
14.478000
283
22.436001
284
11.109000
285
24.761999
286
14.174000
287
16.165001
288
50.002998
289
18.164000
290
16.535000
291
22.436001
292
14.965000
293
18.089001
294
15.035000
295
17.336000
296
15.594000
297
16.982000
298
23.886000
299
15.122000
