0
15.468000
1
18.150999
2
16.926001
3
14.539000
4
14.052000
5
14.605000
6
14.171000
7
19.474001
8
17.556000
9
17.634001
10
17.325001
11
50.000000
12
14.387000
13
14.984000
14
15.273000
15
14.595000
16
16.212999
17
15.983000
18
14.724000
19
14.348000
20
15.143000
21
14.923000
22
14.981000
23
17.101000
24
15.020000
25
15.095000
26
15.408000
27
15.183000
28
15.443000
29
14.820000
30
17.386999
31
14.372000
32
14.758000
33
15.643000
34
15.905000
35
15.859000
36
15.601000
37
16.275999
38
19.107000
39
14.736000
40
16.263000
41
15.321000
42
16.018999
43
14.196000
44
15.480000
45
15.799000
46
14.134000
47
15.408000
48
14.346000
49
14.992000
50
16.715000
51
15.522000
52
16.320999
53
16.673000
54
15.668000
55
15.624000
56
15.796000
57
14.420000
58
15.183000
59
22.000000
60
14.122000
61
15.556000
62
15.002000
63
14.320000
64
16.627001
65
17.223000
66
16.278999
67
15.304000
68
14.655000
69
15.704000
70
14.900000
71
14.260000
72
18.004000
73
15.423000
74
13.960000
75
14.528000
76
15.335000
77
15.171000
78
50.000000
79
21.039000
80
16.667999
81
19.298000
82
15.625000
83
16.138000
84
50.000000
85
18.993999
86
16.726999
87
15.179000
88
17.579000
89
14.629000
90
17.184999
91
15.532000
92
18.903999
93
16.167000
94
19.485001
95
16.792999
96
20.672001
97
50.000000
98
14.820000
99
15.854000
100
20.327999
101
15.577000
102
15.352000
103
14.619000
104
16.823999
105
15.300000
106
15.439000
107
15.975000
108
15.788000
109
17.174999
110
16.200001
111
17.971001
112
18.621000
113
15.755000
114
14.783000
115
14.459000
116
14.398000
117
50.000000
118
18.385000
119
14.958000
120
15.299000
121
50.000000
122
15.402000
123
16.041000
124
14.821000
125
13.999000
126
23.974001
127
16.349001
128
16.753000
129
17.375000
130
19.778999
131
50.000000
132
16.462999
133
15.288000
134
15.407000
135
50.000000
136
14.717000
137
15.136000
138
14.959000
139
17.066000
140
14.824000
141
15.714000
142
16.316999
143
50.000000
144
17.129999
145
15.224000
146
16.406000
147
14.853000
148
15.909000
149
16.120001
150
15.775000
151
50.000000
152
16.813999
153
15.385000
154
16.608999
155
15.134000
156
15.953000
157
50.000000
158
50.000000
159
17.726999
160
17.259001
161
50.000000
162
16.857000
163
23.677000
164
15.290000
165
50.000000
166
50.000000
167
15.137000
168
17.100000
169
15.315000
170
50.000000
171
16.375000
172
15.876000
173
17.636000
174
14.924000
175
19.775000
176
18.160000
177
16.804001
178
17.782000
179
15.230000
180
16.518999
181
14.627000
182
19.851999
183
17.649000
184
15.151000
185
14.989000
186
15.754000
187
15.641000
188
14.682000
189
15.257000
190
15.472000
191
20.597000
192
50.000000
193
15.852000
194
16.767000
195
15.339000
196
14.854000
197
50.000000
198
50.000000
199
16.254999
200
15.926000
201
14.527000
202
20.024000
203
50.000000
204
15.280000
205
18.167999
206
16.863001
207
50.000000
208
16.282000
209
16.097000
210
15.778000
211
16.490000
212
18.988001
213
14.329000
214
15.797000
215
15.095000
216
17.864000
217
16.215000
218
15.544000
219
15.383000
220
17.879000
221
16.618000
222
16.577000
223
17.917000
224
15.216000
225
50.000000
226
16.487000
227
16.319000
228
17.523001
229
50.000000
230
16.431999
231
15.545000
232
15.501000
233
16.159000
234
16.441000
235
16.996000
236
16.288000
237
17.304001
238
50.000000
239
18.912001
240
15.261000
241
50.001999
242
15.256000
243
16.127001
244
16.049999
245
15.229000
246
15.161000
247
15.124000
248
16.159000
249
17.464001
250
14.601000
251
14.888000
252
14.853000
253
15.795000
254
17.275000
255
15.795000
256
15.705000
257
16.368999
258
14.814000
259
15.406000
260
15.410000
261
15.849000
262
15.824000
263
14.535000
264
25.386000
265
15.717000
266
14.633000
267
15.912000
268
14.564000
269
16.169001
270
15.525000
271
14.901000
272
18.635000
273
16.580999
274
16.268999
275
14.707000
276
17.068001
277
14.440000
278
14.929000
279
16.121000
280
14.497000
281
15.087000
282
14.884000
283
50.000000
284
14.496000
285
18.117001
286
15.531000
287
16.089001
288
16.884001
289
50.000000
290
15.036000
291
14.798000
292
14.935000
293
16.028999
294
16.087000
295
17.080000
296
16.875000
297
14.930000
298
17.424999
299
15.965000
