0
15.641000
1
18.107000
2
17.129999
3
14.118000
4
14.021000
5
19.140000
6
14.678000
7
19.775000
8
17.118000
9
16.639999
10
17.438999
11
16.719999
12
13.999000
13
14.940000
14
15.543000
15
14.912000
16
15.813000
17
15.439000
18
14.625000
19
14.306000
20
15.272000
21
14.831000
22
14.298000
23
15.744000
24
15.362000
25
14.666000
26
14.923000
27
15.502000
28
15.462000
29
14.845000
30
15.586000
31
14.446000
32
14.909000
33
15.464000
34
16.122999
35
15.188000
36
15.321000
37
14.708000
38
18.278000
39
14.694000
40
15.981000
41
15.753000
42
17.083000
43
14.132000
44
14.930000
45
15.868000
46
14.213000
47
15.424000
48
14.523000
49
14.856000
50
16.606001
51
15.736000
52
16.172001
53
50.000000
54
15.579000
55
15.256000
56
15.933000
57
18.475000
58
15.179000
59
17.339001
60
14.046000
61
15.593000
62
14.853000
63
14.405000
64
19.540000
65
16.631001
66
18.125000
67
15.274000
68
14.988000
69
15.644000
70
14.601000
71
14.295000
72
17.606001
73
15.370000
74
14.424000
75
14.516000
76
15.291000
77
15.297000
78
15.990000
79
50.000000
80
15.572000
81
18.664000
82
15.917000
83
16.334000
84
50.000000
85
18.205000
86
16.468000
87
15.459000
88
18.058001
89
14.950000
90
15.760000
91
17.712000
92
24.341999
93
16.037001
94
18.406000
95
15.908000
96
16.535999
97
16.257000
98
14.791000
99
15.528000
100
50.000000
101
15.999000
102
15.713000
103
14.931000
104
16.454000
105
14.827000
106
15.137000
107
15.072000
108
16.691999
109
16.823999
110
16.389999
111
18.165001
112
19.836000
113
15.858000
114
14.539000
115
16.139999
116
14.146000
117
16.006001
118
16.857000
119
14.917000
120
15.669000
121
16.549000
122
15.984000
123
16.084999
124
14.420000
125
14.020000
126
21.518999
127
16.065001
128
16.649000
129
17.284000
130
19.539000
131
16.733000
132
17.400999
133
15.345000
134
15.196000
135
50.000000
136
14.612000
137
14.872000
138
15.030000
139
16.228001
140
15.348000
141
14.941000
142
16.715000
143
20.266001
144
19.389999
145
15.298000
146
16.101999
147
14.465000
148
15.711000
149
15.894000
150
15.178000
151
15.836000
152
15.347000
153
15.226000
154
17.143999
155
14.739000
156
17.226000
157
23.312000
158
21.563000
159
17.888000
160
16.544001
161
50.000000
162
50.000000
163
17.729000
164
15.574000
165
50.000000
166
50.000000
167
16.202999
168
15.835000
169
16.298000
170
50.015999
171
15.525000
172
15.739000
173
17.520000
174
15.046000
175
17.516001
176
50.000999
177
17.789000
178
16.542999
179
14.908000
180
16.885000
181
14.576000
182
50.000000
183
18.568001
184
14.816000
185
15.218000
186
15.656000
187
15.266000
188
14.553000
189
16.739000
190
50.000999
191
50.000000
192
15.570000
193
15.476000
194
18.084999
195
15.454000
196
15.478000
197
14.854000
198
50.000000
199
16.069000
200
15.742000
201
14.462000
202
19.754000
203
18.542999
204
15.642000
205
50.000000
206
16.679001
207
21.131001
208
16.999001
209
16.010000
210
16.094999
211
16.077999
212
50.000000
213
14.035000
214
16.153999
215
16.642000
216
17.520000
217
16.027000
218
15.401000
219
16.160999
220
18.350000
221
16.813999
222
15.968000
223
15.904000
224
14.806000
225
50.000000
226
17.393999
227
15.267000
228
18.205999
229
50.000000
230
50.000999
231
14.643000
232
15.135000
233
16.358999
234
16.534000
235
16.709999
236
16.534000
237
15.845000
238
17.063999
239
50.000000
240
15.238000
241
15.176000
242
15.701000
243
16.041000
244
15.797000
245
15.600000
246
16.054001
247
14.871000
248
16.476999
249
50.000000
250
15.720000
251
14.909000
252
14.878000
253
16.090000
254
16.715000
255
14.583000
256
16.510000
257
15.648000
258
15.121000
259
17.238001
260
14.727000
261
16.531000
262
15.219000
263
14.835000
264
17.874001
265
16.775000
266
15.571000
267
15.282000
268
14.535000
269
15.621000
270
14.979000
271
14.851000
272
50.000000
273
15.904000
274
17.457001
275
14.665000
276
16.451000
277
14.527000
278
15.126000
279
15.359000
280
14.737000
281
14.960000
282
15.118000
283
16.589001
284
14.431000
285
17.503000
286
15.995000
287
15.667000
288
16.936001
289
50.000000
290
14.912000
291
15.097000
292
15.123000
293
15.668000
294
16.620001
295
17.563999
296
17.725000
297
15.469000
298
17.662001
299
15.885000
