0
15.045000
1
17.809000
2
16.650999
3
14.272000
4
13.971000
5
50.000000
6
14.427000
7
18.353001
8
16.691999
9
16.343000
10
18.905001
11
18.570999
12
14.926000
13
14.724000
14
14.787000
15
14.667000
16
15.998000
17
15.530000
18
14.224000
19
14.302000
20
14.972000
21
14.700000
22
14.501000
23
16.164000
24
15.721000
25
15.152000
26
14.932000
27
15.322000
28
15.981000
29
14.858000
30
16.361000
31
14.480000
32
14.432000
33
15.313000
34
15.531000
35
15.445000
36
15.916000
37
15.348000
38
18.535999
39
14.528000
40
15.782000
41
14.780000
42
15.542000
43
14.378000
44
15.447000
45
15.192000
46
14.264000
47
15.282000
48
14.499000
49
15.425000
50
16.823999
51
15.890000
52
15.508000
53
50.000000
54
15.706000
55
15.843000
56
16.032000
57
14.973000
58
14.734000
59
17.211000
60
13.930000
61
15.355000
62
15.204000
63
14.625000
64
16.493000
65
17.761000
66
16.267000
67
15.297000
68
14.525000
69
15.633000
70
14.676000
71
14.210000
72
17.962000
73
15.380000
74
15.118000
75
14.678000
76
15.935000
77
14.632000
78
15.952000
79
50.000000
80
15.635000
81
18.551001
82
15.881000
83
16.455000
84
50.000999
85
19.431000
86
16.100000
87
50.000000
88
19.650999
89
14.966000
90
15.546000
91
16.669001
92
31.250999
93
50.002998
94
20.416000
95
15.240000
96
16.990999
97
50.000000
98
14.665000
99
15.712000
100
50.000000
101
15.588000
102
15.715000
103
15.292000
104
17.087000
105
14.234000
106
15.207000
107
15.767000
108
16.856001
109
16.320000
110
17.959999
111
17.992001
112
19.218000
113
16.417000
114
14.732000
115
14.820000
116
15.309000
117
16.177999
118
16.999001
119
14.649000
120
15.841000
121
17.090000
122
16.761999
123
16.146000
124
14.432000
125
14.124000
126
50.000999
127
15.907000
128
17.330000
129
16.705999
130
19.229000
131
15.541000
132
17.757000
133
15.201000
134
15.163000
135
50.000000
136
14.955000
137
14.820000
138
15.029000
139
16.768999
140
15.304000
141
17.061001
142
16.507999
143
20.886000
144
18.840000
145
15.232000
146
16.141001
147
15.086000
148
16.468000
149
16.767000
150
16.941999
151
15.701000
152
14.994000
153
15.792000
154
18.169001
155
15.913000
156
16.389000
157
50.000000
158
50.000000
159
17.632000
160
17.441999
161
50.001999
162
18.045000
163
50.000000
164
15.452000
165
16.497000
166
50.000000
167
15.843000
168
16.152000
169
17.900999
170
50.000000
171
50.000000
172
17.186001
173
17.483000
174
15.719000
175
19.882000
176
17.964001
177
16.952999
178
17.139999
179
14.968000
180
17.118999
181
15.133000
182
22.636000
183
20.075001
184
14.864000
185
14.986000
186
14.540000
187
16.559000
188
15.314000
189
16.419001
190
50.000999
191
50.002998
192
15.135000
193
16.242001
194
15.862000
195
14.718000
196
14.831000
197
15.162000
198
50.000000
199
15.837000
200
20.920000
201
14.808000
202
19.059999
203
50.000000
204
14.988000
205
50.000000
206
50.000000
207
18.365000
208
18.378000
209
16.002001
210
15.505000
211
17.632000
212
50.000000
213
14.797000
214
16.128000
215
15.674000
216
16.330999
217
17.219000
218
15.625000
219
15.528000
220
17.972000
221
17.707001
222
16.724001
223
16.499001
224
15.265000
225
19.743999
226
50.000000
227
15.422000
228
18.282000
229
15.540000
230
17.756001
231
15.016000
232
14.917000
233
16.309000
234
16.653000
235
18.912001
236
15.311000
237
17.267000
238
50.000000
239
17.405001
240
15.228000
241
15.532000
242
15.075000
243
16.351000
244
16.500999
245
15.006000
246
16.542000
247
15.073000
248
17.386999
249
18.937000
250
16.254999
251
16.445000
252
15.362000
253
14.698000
254
16.740000
255
14.734000
256
16.278000
257
16.468000
258
16.341000
259
17.964001
260
16.527000
261
17.200001
262
15.627000
263
15.226000
264
17.764999
265
15.780000
266
14.478000
267
15.521000
268
15.581000
269
15.321000
270
14.779000
271
15.400000
272
50.000000
273
17.459000
274
16.174000
275
18.517000
276
16.701000
277
14.720000
278
15.080000
279
15.659000
280
14.378000
281
50.000000
282
50.000000
283
50.004002
284
14.737000
285
17.473000
286
15.830000
287
50.001999
288
17.629999
289
15.900000
290
14.933000
291
15.595000
292
15.234000
293
15.870000
294
17.264999
295
16.427999
296
18.261000
297
50.000000
298
50.000000
299
16.711000
