0
15.428000
1
18.565001
2
16.752001
3
14.245000
4
13.918000
5
18.056000
6
14.868000
7
20.044001
8
16.851000
9
17.048000
10
16.899000
11
16.934000
12
14.300000
13
14.923000
14
15.132000
15
15.170000
16
14.614000
17
15.490000
18
14.544000
19
14.554000
20
15.233000
21
14.808000
22
14.331000
23
15.911000
24
15.564000
25
14.916000
26
14.494000
27
15.166000
28
16.025000
29
14.748000
30
16.433001
31
14.337000
32
14.916000
33
15.397000
34
16.033001
35
15.314000
36
16.073999
37
14.789000
38
18.274000
39
14.505000
40
15.530000
41
14.859000
42
16.056000
43
14.033000
44
15.584000
45
15.003000
46
14.192000
47
15.634000
48
14.414000
49
15.019000
50
16.285000
51
15.222000
52
15.921000
53
16.815001
54
15.898000
55
15.379000
56
17.627001
57
14.714000
58
14.950000
59
16.048000
60
14.096000
61
15.439000
62
14.787000
63
14.439000
64
16.650999
65
17.537001
66
17.243000
67
15.292000
68
14.526000
69
15.674000
70
14.363000
71
14.295000
72
50.000000
73
15.291000
74
14.068000
75
15.459000
76
16.275000
77
15.739000
78
50.000000
79
50.000000
80
15.960000
81
18.190001
82
16.806999
83
16.514999
84
17.497999
85
18.985001
86
16.177999
87
15.503000
88
17.764999
89
16.642000
90
15.803000
91
16.347000
92
23.558001
93
16.555000
94
19.094999
95
15.570000
96
16.174999
97
50.000000
98
14.644000
99
16.070999
100
50.000000
101
15.962000
102
16.284000
103
14.557000
104
17.398001
105
14.431000
106
15.548000
107
15.228000
108
17.073000
109
17.231001
110
16.316999
111
19.216000
112
19.688999
113
16.236000
114
15.096000
115
15.932000
116
14.614000
117
15.716000
118
15.479000
119
14.773000
120
50.000000
121
15.793000
122
18.917000
123
15.811000
124
14.343000
125
50.000000
126
17.775000
127
16.150000
128
16.903999
129
17.230000
130
19.736000
131
50.000000
132
16.632999
133
14.826000
134
15.784000
135
50.005001
136
14.888000
137
15.845000
138
14.998000
139
17.193001
140
15.909000
141
16.316999
142
17.145000
143
20.490999
144
18.336000
145
15.578000
146
15.760000
147
15.212000
148
16.641001
149
16.598000
150
16.466999
151
17.048000
152
15.561000
153
15.455000
154
14.612000
155
14.820000
156
15.876000
157
21.563000
158
18.184000
159
17.670000
160
17.431999
161
15.129000
162
16.766001
163
18.610001
164
50.000000
165
16.417000
166
50.005001
167
15.600000
168
16.214001
169
16.330999
170
19.176001
171
15.964000
172
16.098000
173
18.056999
174
15.055000
175
18.691999
176
18.259001
177
17.364000
178
17.243000
179
15.681000
180
16.511000
181
14.728000
182
19.236000
183
50.000000
184
50.000000
185
15.097000
186
15.485000
187
15.088000
188
14.645000
189
16.346001
190
15.395000
191
50.000000
192
15.618000
193
16.971001
194
16.247000
195
15.002000
196
15.065000
197
14.753000
198
21.674999
199
16.368999
200
16.371000
201
14.567000
202
19.573999
203
50.000000
204
15.060000
205
16.704000
206
50.000000
207
17.964001
208
17.016001
209
16.174999
210
50.000000
211
16.556000
212
50.026001
213
14.398000
214
16.513000
215
15.580000
216
16.761000
217
17.434999
218
15.521000
219
15.871000
220
17.728001
221
16.252001
222
17.180000
223
50.000000
224
15.421000
225
16.285999
226
17.527000
227
15.496000
228
19.532000
229
15.123000
230
16.400999
231
15.708000
232
15.620000
233
15.941000
234
16.974001
235
17.627001
236
16.368999
237
15.788000
238
16.907000
239
18.148001
240
15.500000
241
14.935000
242
14.992000
243
17.437000
244
15.397000
245
15.932000
246
16.235001
247
14.509000
248
16.139999
249
17.594000
250
15.333000
251
15.109000
252
15.045000
253
15.807000
254
16.948000
255
15.370000
256
15.003000
257
50.000000
258
15.545000
259
15.269000
260
14.873000
261
15.513000
262
15.234000
263
14.671000
264
16.287001
265
15.780000
266
14.494000
267
15.862000
268
14.653000
269
15.444000
270
15.418000
271
17.153999
272
18.905001
273
15.258000
274
16.486000
275
14.627000
276
16.632999
277
14.495000
278
15.437000
279
15.570000
280
14.398000
281
15.342000
282
15.975000
283
15.656000
284
14.623000
285
17.818001
286
15.592000
287
16.181999
288
16.922001
289
50.000999
290
15.105000
291
15.824000
292
15.410000
293
15.641000
294
16.770000
295
16.850000
296
50.000000
297
15.980000
298
50.000000
299
16.195000
