0
19.246000
1
31.434000
2
26.844000
3
10.841000
4
10.844000
5
12.501000
6
11.261000
7
50.002998
8
20.612000
9
13.945000
10
27.382000
11
13.977000
12
10.892000
13
11.535000
14
50.000000
15
11.031000
16
15.732000
17
11.941000
18
11.077000
19
10.810000
20
11.429000
21
11.208000
22
10.406000
23
11.915000
24
16.931999
25
10.821000
26
19.606001
27
11.283000
28
11.590000
29
11.429000
30
13.795000
31
11.055000
32
11.578000
33
12.841000
34
13.537000
35
12.013000
36
12.570000
37
11.843000
38
18.169001
39
11.206000
40
11.763000
41
11.223000
42
12.099000
43
24.785000
44
12.053000
45
11.800000
46
11.126000
47
12.256000
48
12.145000
49
12.119000
50
13.398000
51
14.618000
52
27.212000
53
14.776000
54
15.400000
55
12.934000
56
13.761000
57
11.858000
58
12.161000
59
17.521999
60
11.249000
61
13.614000
62
12.301000
63
12.049000
64
15.203000
65
13.124000
66
16.205000
67
12.319000
68
12.759000
69
13.064000
70
22.457001
71
12.853000
72
15.505000
73
12.430000
74
20.222000
75
15.683000
76
11.442000
77
13.120000
78
26.018999
79
50.001999
80
12.659000
81
18.662001
82
50.000000
83
12.818000
84
50.000000
85
50.000000
86
13.139000
87
29.059999
88
15.840000
89
23.980000
90
12.645000
91
16.618999
92
50.004002
93
15.002000
94
50.000000
95
13.617000
96
14.317000
97
22.181000
98
12.516000
99
12.704000
100
32.056999
101
50.000000
102
13.886000
103
11.439000
104
22.103001
105
11.912000
106
50.000000
107
13.484000
108
12.725000
109
25.041000
110
21.059999
111
15.465000
112
15.344000
113
13.372000
114
12.561000
115
23.900000
116
13.441000
117
25.040001
118
50.000000
119
12.160000
120
15.802000
121
12.677000
122
20.167000
123
15.761000
124
11.819000
125
11.231000
126
38.944000
127
15.820000
128
17.160999
129
16.059999
130
50.000999
131
20.889000
132
50.000000
133
12.481000
134
13.642000
135
50.000000
136
17.195999
137
22.382000
138
11.884000
139
18.146000
140
15.160000
141
18.681000
142
17.261000
143
23.597000
144
35.851002
145
12.197000
146
16.163000
147
12.416000
148
16.834999
149
12.566000
150
17.716999
151
13.200000
152
21.181999
153
22.219999
154
24.423000
155
23.420000
156
18.176001
157
50.009998
158
25.631001
159
14.027000
160
14.949000
161
13.085000
162
19.485001
163
50.001999
164
16.115000
165
50.000999
166
50.000000
167
11.488000
168
19.841000
169
13.699000
170
17.535999
171
50.001999
172
23.962000
173
21.059000
174
22.159000
175
16.107000
176
24.375000
177
12.967000
178
17.528000
179
15.145000
180
50.000000
181
33.457001
182
28.848000
183
50.007000
184
21.009001
185
14.083000
186
16.202999
187
26.233000
188
12.387000
189
14.113000
190
50.012001
191
28.344000
192
14.355000
193
50.000999
194
24.900999
195
12.825000
196
50.020000
197
12.552000
198
19.410999
199
18.426001
200
50.014000
201
12.126000
202
22.121000
203
50.014000
204
17.959999
205
20.657000
206
29.004999
207
42.380001
208
16.347000
209
18.733999
210
15.107000
211
27.520000
212
50.001999
213
13.767000
214
13.772000
215
24.000999
216
34.394001
217
16.049000
218
19.169001
219
28.922001
220
31.893999
221
14.322000
222
20.542999
223
50.000000
224
12.680000
225
19.020000
226
16.523001
227
20.752001
228
18.840000
229
12.190000
230
15.521000
231
23.740000
232
13.061000
233
23.600000
234
15.164000
235
25.559999
236
50.000999
237
25.205999
238
17.787001
239
19.620001
240
17.160000
241
16.400999
242
50.000000
243
24.940001
244
16.700001
245
20.139999
246
17.660000
247
32.119999
248
24.240000
249
18.540001
250
19.980000
251
23.829000
252
13.980000
253
16.180000
254
50.000000
255
19.700001
256
18.219999
257
17.141001
258
39.259998
259
13.081000
260
15.283000
261
19.900000
262
22.811001
263
16.660000
264
23.480000
265
50.000000
266
13.221000
267
16.118999
268
16.940001
269
14.959000
270
15.980000
271
20.320000
272
17.000000
273
16.561001
274
13.260000
275
20.719999
276
13.640000
277
11.820000
278
15.880000
279
14.800000
280
19.780001
281
20.260000
282
15.121000
283
33.520000
284
12.240000
285
36.200001
286
16.961000
287
50.000000
288
50.000999
289
24.100000
290
19.646000
291
23.180000
292
15.820000
293
20.698000
294
16.802000
295
24.680000
296
17.780001
297
16.518999
298
50.002998
299
15.180000
