0
19.907000
1
18.113001
2
28.586000
3
10.860000
4
10.927000
5
12.979000
6
15.312000
7
24.579000
8
21.039000
9
13.082000
10
50.000000
11
13.490000
12
10.694000
13
11.487000
14
19.191000
15
11.235000
16
14.607000
17
11.981000
18
11.770000
19
10.852000
20
11.600000
21
11.202000
22
50.000000
23
13.023000
24
15.999000
25
11.260000
26
19.393000
27
11.337000
28
11.815000
29
11.519000
30
12.704000
31
10.859000
32
11.310000
33
14.151000
34
12.873000
35
11.524000
36
13.240000
37
11.601000
38
18.416000
39
11.186000
40
11.560000
41
11.296000
42
12.167000
43
20.740000
44
11.827000
45
11.553000
46
10.838000
47
12.084000
48
11.492000
49
11.596000
50
13.562000
51
15.527000
52
22.224001
53
13.442000
54
12.484000
55
12.005000
56
13.317000
57
11.032000
58
11.313000
59
15.981000
60
10.828000
61
11.844000
62
11.881000
63
11.420000
64
13.319000
65
12.671000
66
13.528000
67
11.509000
68
11.846000
69
12.831000
70
33.340000
71
10.998000
72
14.342000
73
11.814000
74
20.868000
75
15.031000
76
11.908000
77
12.546000
78
19.360001
79
28.742000
80
12.304000
81
19.851000
82
11.418000
83
12.174000
84
50.000000
85
15.959000
86
11.895000
87
14.264000
88
15.331000
89
18.950001
90
13.583000
91
14.848000
92
50.000000
93
13.837000
94
17.582001
95
12.354000
96
22.857000
97
21.816999
98
11.415000
99
11.790000
100
50.000999
101
16.681999
102
12.550000
103
11.216000
104
25.309999
105
11.253000
106
50.000000
107
12.547000
108
12.168000
109
29.441999
110
19.944000
111
13.362000
112
14.136000
113
12.267000
114
11.387000
115
33.016998
116
11.339000
117
18.061001
118
16.381001
119
11.038000
120
14.196000
121
12.000000
122
18.209000
123
13.716000
124
10.848000
125
10.937000
126
21.740999
127
13.955000
128
24.321000
129
14.604000
130
50.000000
131
20.798000
132
50.000000
133
12.966000
134
12.977000
135
50.000000
136
16.201000
137
26.606001
138
11.860000
139
13.047000
140
17.000000
141
16.232000
142
16.632999
143
23.771999
144
21.129999
145
12.859000
146
16.066000
147
10.974000
148
19.229000
149
13.084000
150
19.577999
151
12.580000
152
18.739000
153
17.829000
154
23.440001
155
15.135000
156
20.441000
157
31.577000
158
32.342999
159
16.398001
160
14.373000
161
12.759000
162
29.184999
163
50.000000
164
13.560000
165
32.374001
166
29.823999
167
11.902000
168
16.802000
169
13.152000
170
20.032000
171
50.000999
172
50.000000
173
21.176001
174
13.540000
175
16.716999
176
25.340000
177
12.352000
178
12.798000
179
12.679000
180
50.000000
181
19.191999
182
20.830999
183
50.000000
184
17.042000
185
12.599000
186
15.890000
187
15.143000
188
11.836000
189
13.221000
190
17.806000
191
20.351999
192
12.731000
193
19.111000
194
22.070000
195
11.189000
196
15.560000
197
12.437000
198
17.247999
199
16.152000
200
16.485001
201
12.134000
202
18.264000
203
22.636000
204
15.262000
205
17.257000
206
50.000000
207
27.172001
208
15.318000
209
22.167000
210
13.258000
211
18.524000
212
50.000000
213
12.076000
214
11.743000
215
20.147000
216
23.184000
217
17.266001
218
17.034000
219
20.980000
220
18.311001
221
13.357000
222
17.625000
223
20.516001
224
11.619000
225
16.063000
226
15.865000
227
50.000000
228
18.764999
229
11.739000
230
19.214001
231
19.146999
232
15.113000
233
16.811001
234
12.909000
235
17.059999
236
18.225000
237
27.167999
238
23.254000
239
15.755000
240
16.011999
241
12.800000
242
15.010000
243
17.979000
244
14.422000
245
15.451000
246
16.944000
247
17.025999
248
20.622000
249
15.012000
250
50.000000
251
50.000000
252
12.062000
253
13.937000
254
17.726999
255
14.509000
256
14.047000
257
15.469000
258
24.072001
259
11.655000
260
14.474000
261
24.572001
262
21.622999
263
17.580000
264
24.393000
265
31.722000
266
12.563000
267
14.175000
268
16.287001
269
14.251000
270
14.895000
271
17.150999
272
17.368999
273
15.561000
274
12.163000
275
15.883000
276
15.330000
277
11.345000
278
15.912000
279
12.525000
280
50.000000
281
50.000000
282
12.532000
283
20.964001
284
11.093000
285
24.184999
286
13.745000
287
15.720000
288
50.000000
289
19.200001
290
20.941999
291
20.867001
292
15.365000
293
18.746000
294
13.973000
295
17.844000
296
15.669000
297
50.000000
298
21.409000
299
14.701000
