0
17.486000
1
19.004000
2
19.713000
3
13.851000
4
13.958000
5
17.392000
6
14.787000
7
20.346001
8
18.027000
9
50.000000
10
17.150999
11
50.000000
12
14.192000
13
14.876000
14
14.832000
15
15.084000
16
16.737000
17
15.517000
18
14.725000
19
14.348000
20
15.102000
21
14.831000
22
14.410000
23
16.450001
24
15.703000
25
14.879000
26
15.320000
27
15.132000
28
15.712000
29
14.771000
30
17.872000
31
14.901000
32
14.421000
33
15.542000
34
16.004000
35
14.641000
36
16.412001
37
14.925000
38
18.490000
39
14.615000
40
15.925000
41
16.059000
42
16.084999
43
14.187000
44
15.532000
45
16.131001
46
14.041000
47
15.494000
48
14.474000
49
15.549000
50
16.566000
51
14.842000
52
15.986000
53
50.000000
54
15.665000
55
15.734000
56
15.586000
57
14.355000
58
15.030000
59
16.223000
60
13.904000
61
15.204000
62
14.679000
63
14.399000
64
18.301001
65
17.152000
66
17.979000
67
15.351000
68
14.384000
69
15.439000
70
14.222000
71
14.506000
72
17.601999
73
15.385000
74
15.631000
75
14.524000
76
16.509001
77
14.856000
78
15.970000
79
50.000000
80
15.710000
81
21.690001
82
16.271000
83
16.202000
84
50.000000
85
18.282000
86
16.961000
87
14.954000
88
17.968000
89
14.664000
90
15.589000
91
15.929000
92
24.006001
93
16.339001
94
19.396000
95
14.980000
96
16.193001
97
16.016001
98
15.158000
99
15.565000
100
18.747000
101
15.619000
102
16.337999
103
14.692000
104
15.802000
105
14.897000
106
15.425000
107
15.289000
108
16.680000
109
16.666000
110
16.219000
111
18.530001
112
18.739000
113
15.793000
114
14.684000
115
14.548000
116
14.290000
117
16.813000
118
16.622000
119
14.716000
120
14.934000
121
15.769000
122
17.010000
123
16.719999
124
14.397000
125
14.146000
126
19.844000
127
15.991000
128
16.552999
129
16.400000
130
50.000000
131
16.931000
132
17.205999
133
15.175000
134
14.948000
135
50.000000
136
14.855000
137
15.107000
138
15.015000
139
16.523001
140
15.556000
141
16.120001
142
16.393999
143
18.430000
144
18.853001
145
15.177000
146
15.849000
147
14.976000
148
16.146999
149
16.409000
150
14.622000
151
15.921000
152
17.063000
153
15.351000
154
19.430000
155
15.030000
156
16.014999
157
18.622000
158
50.002998
159
17.663000
160
17.101000
161
15.207000
162
17.907000
163
50.000000
164
14.878000
165
15.812000
166
50.000000
167
15.726000
168
16.386999
169
15.728000
170
50.000000
171
16.681000
172
16.031000
173
16.570000
174
14.756000
175
18.871000
176
50.000000
177
17.650000
178
16.702000
179
15.329000
180
16.673000
181
14.746000
182
16.475000
183
18.757000
184
15.363000
185
15.165000
186
14.986000
187
15.346000
188
14.578000
189
16.659000
190
15.369000
191
50.000000
192
15.143000
193
16.021000
194
16.330000
195
14.583000
196
14.852000
197
14.936000
198
20.684999
199
15.674000
200
16.040001
201
14.911000
202
19.981001
203
18.322001
204
15.589000
205
19.315001
206
17.235001
207
17.122000
208
17.193001
209
15.758000
210
15.810000
211
16.792999
212
18.466999
213
15.122000
214
16.635000
215
16.572001
216
18.200001
217
16.601000
218
15.643000
219
16.319000
220
17.996000
221
50.000000
222
16.462999
223
50.000000
224
14.682000
225
15.326000
226
16.066000
227
15.890000
228
18.843000
229
15.385000
230
17.379000
231
15.006000
232
14.690000
233
16.362000
234
16.541000
235
17.139999
236
50.000000
237
15.711000
238
16.049000
239
19.447001
240
15.202000
241
15.059000
242
14.746000
243
16.312000
244
15.967000
245
14.829000
246
15.447000
247
15.598000
248
17.298000
249
50.000999
250
15.275000
251
15.297000
252
15.370000
253
15.226000
254
16.927999
255
14.897000
256
14.775000
257
15.730000
258
15.026000
259
16.796000
260
14.981000
261
16.364000
262
14.830000
263
16.042999
264
18.121000
265
50.000000
266
14.628000
267
15.245000
268
14.823000
269
16.124001
270
14.833000
271
14.848000
272
19.020000
273
50.001999
274
16.870001
275
15.964000
276
16.509001
277
14.639000
278
15.043000
279
15.544000
280
14.504000
281
15.205000
282
16.924000
283
19.532000
284
14.208000
285
50.000000
286
15.763000
287
15.994000
288
50.000999
289
50.000000
290
14.869000
291
15.125000
292
15.505000
293
15.852000
294
16.087000
295
16.149000
296
15.764000
297
15.177000
298
50.000000
299
15.642000
